Automatically generated mesh
     172
Reciprocal lattice
    0.00000000000000    0.00000000000000    0.00000000000000             1
    0.14285714285715   -0.00000000000000   -0.00000000000000             2
    0.28571428571428   -0.00000000000000   -0.00000000000000             2
    0.42857142857143   -0.00000000000000   -0.00000000000000             2
    0.00000000000000    0.14285714285715   -0.00000000000000             2
    0.14285714285715    0.14285714285715   -0.00000000000000             2
    0.28571428571428    0.14285714285715   -0.00000000000000             2
    0.42857142857143    0.14285714285715   -0.00000000000000             2
   -0.42857142857143    0.14285714285715   -0.00000000000000             2
   -0.28571428571428    0.14285714285715   -0.00000000000000             2
   -0.14285714285715    0.14285714285715   -0.00000000000000             2
    0.00000000000000    0.28571428571428    0.00000000000000             2
    0.14285714285715    0.28571428571428    0.00000000000000             2
    0.28571428571428    0.28571428571428    0.00000000000000             2
    0.42857142857143    0.28571428571428    0.00000000000000             2
   -0.42857142857143    0.28571428571428    0.00000000000000             2
   -0.28571428571428    0.28571428571428    0.00000000000000             2
   -0.14285714285715    0.28571428571428    0.00000000000000             2
    0.00000000000000    0.42857142857143   -0.00000000000000             2
    0.14285714285715    0.42857142857143   -0.00000000000000             2
    0.28571428571428    0.42857142857143   -0.00000000000000             2
    0.42857142857143    0.42857142857143   -0.00000000000000             2
   -0.42857142857143    0.42857142857143   -0.00000000000000             2
   -0.28571428571428    0.42857142857143   -0.00000000000000             2
   -0.14285714285715    0.42857142857143   -0.00000000000000             2
   -0.00000000000000    0.00000000000000    0.14285714285714             2
    0.14285714285715   -0.00000000000000    0.14285714285714             2
    0.28571428571428    0.00000000000000    0.14285714285714             2
    0.42857142857143   -0.00000000000000    0.14285714285714             2
   -0.42857142857143    0.00000000000000    0.14285714285714             2
   -0.28571428571428    0.00000000000000    0.14285714285714             2
   -0.14285714285715    0.00000000000000    0.14285714285714             2
    0.00000000000000    0.14285714285715    0.14285714285714             2
    0.14285714285715    0.14285714285715    0.14285714285714             2
    0.28571428571428    0.14285714285715    0.14285714285714             2
    0.42857142857143    0.14285714285715    0.14285714285714             2
   -0.42857142857143    0.14285714285715    0.14285714285714             2
   -0.28571428571428    0.14285714285715    0.14285714285714             2
   -0.14285714285715    0.14285714285715    0.14285714285714             2
    0.00000000000000    0.28571428571428    0.14285714285715             2
    0.14285714285715    0.28571428571428    0.14285714285715             2
    0.28571428571428    0.28571428571428    0.14285714285715             2
    0.42857142857143    0.28571428571428    0.14285714285715             2
   -0.42857142857143    0.28571428571428    0.14285714285715             2
   -0.28571428571428    0.28571428571428    0.14285714285715             2
   -0.14285714285715    0.28571428571428    0.14285714285715             2
    0.00000000000000    0.42857142857143    0.14285714285714             2
    0.14285714285715    0.42857142857143    0.14285714285714             2
    0.28571428571428    0.42857142857143    0.14285714285714             2
    0.42857142857143    0.42857142857143    0.14285714285714             2
   -0.42857142857143    0.42857142857143    0.14285714285714             2
   -0.28571428571428    0.42857142857143    0.14285714285714             2
   -0.14285714285715    0.42857142857143    0.14285714285714             2
   -0.00000000000000   -0.42857142857143    0.14285714285714             2
    0.14285714285715   -0.42857142857143    0.14285714285714             2
    0.28571428571428   -0.42857142857143    0.14285714285714             2
    0.42857142857143   -0.42857142857143    0.14285714285714             2
   -0.42857142857143   -0.42857142857143    0.14285714285714             2
   -0.28571428571428   -0.42857142857143    0.14285714285714             2
   -0.14285714285715   -0.42857142857143    0.14285714285714             2
   -0.00000000000000   -0.28571428571428    0.14285714285714             2
    0.14285714285715   -0.28571428571428    0.14285714285714             2
    0.28571428571428   -0.28571428571428    0.14285714285714             2
    0.42857142857143   -0.28571428571428    0.14285714285715             2
   -0.42857142857143   -0.28571428571428    0.14285714285714             2
   -0.28571428571428   -0.28571428571428    0.14285714285714             2
   -0.14285714285715   -0.28571428571428    0.14285714285714             2
    0.00000000000000   -0.14285714285715    0.14285714285714             2
    0.14285714285715   -0.14285714285715    0.14285714285714             2
    0.28571428571428   -0.14285714285715    0.14285714285715             2
    0.42857142857143   -0.14285714285715    0.14285714285715             2
   -0.42857142857143   -0.14285714285715    0.14285714285714             2
   -0.28571428571428   -0.14285714285715    0.14285714285714             2
   -0.14285714285715   -0.14285714285715    0.14285714285714             2
   -0.00000000000000    0.00000000000000    0.28571428571429             2
    0.14285714285715   -0.00000000000000    0.28571428571429             2
    0.28571428571428   -0.00000000000000    0.28571428571429             2
    0.42857142857143   -0.00000000000000    0.28571428571429             2
   -0.42857142857143   -0.00000000000000    0.28571428571429             2
   -0.28571428571428    0.00000000000000    0.28571428571429             2
   -0.14285714285715    0.00000000000000    0.28571428571429             2
   -0.00000000000000    0.14285714285715    0.28571428571428             2
    0.14285714285715    0.14285714285715    0.28571428571428             2
    0.28571428571428    0.14285714285715    0.28571428571428             2
    0.42857142857143    0.14285714285715    0.28571428571428             2
   -0.42857142857143    0.14285714285715    0.28571428571429             2
   -0.28571428571428    0.14285714285715    0.28571428571429             2
   -0.14285714285715    0.14285714285715    0.28571428571428             2
    0.00000000000000    0.28571428571428    0.28571428571428             2
    0.14285714285715    0.28571428571428    0.28571428571428             2
    0.28571428571428    0.28571428571428    0.28571428571428             2
    0.42857142857143    0.28571428571428    0.28571428571428             2
   -0.42857142857143    0.28571428571428    0.28571428571428             2
   -0.28571428571428    0.28571428571428    0.28571428571428             2
   -0.14285714285715    0.28571428571428    0.28571428571428             2
    0.00000000000000    0.42857142857143    0.28571428571429             2
    0.14285714285715    0.42857142857143    0.28571428571429             2
    0.28571428571428    0.42857142857143    0.28571428571429             2
    0.42857142857143    0.42857142857143    0.28571428571429             2
   -0.42857142857143    0.42857142857143    0.28571428571429             2
   -0.28571428571428    0.42857142857143    0.28571428571429             2
   -0.14285714285715    0.42857142857143    0.28571428571429             2
   -0.00000000000000   -0.42857142857143    0.28571428571428             2
    0.14285714285715   -0.42857142857143    0.28571428571428             2
    0.28571428571428   -0.42857142857143    0.28571428571428             2
    0.42857142857143   -0.42857142857143    0.28571428571428             2
   -0.42857142857143   -0.42857142857143    0.28571428571428             2
   -0.28571428571428   -0.42857142857143    0.28571428571428             2
   -0.14285714285715   -0.42857142857143    0.28571428571428             2
    0.00000000000000   -0.28571428571428    0.28571428571428             2
    0.14285714285715   -0.28571428571428    0.28571428571429             2
    0.28571428571428   -0.28571428571428    0.28571428571429             2
    0.42857142857143   -0.28571428571428    0.28571428571429             2
   -0.42857142857143   -0.28571428571428    0.28571428571429             2
   -0.28571428571428   -0.28571428571428    0.28571428571429             2
   -0.14285714285715   -0.28571428571428    0.28571428571429             2
   -0.00000000000000   -0.14285714285715    0.28571428571428             2
    0.14285714285715   -0.14285714285715    0.28571428571428             2
    0.28571428571428   -0.14285714285715    0.28571428571428             2
    0.42857142857143   -0.14285714285715    0.28571428571428             2
   -0.42857142857143   -0.14285714285715    0.28571428571428             2
   -0.28571428571428   -0.14285714285715    0.28571428571428             2
   -0.14285714285715   -0.14285714285715    0.28571428571428             2
   -0.00000000000000   -0.00000000000000    0.42857142857143             2
    0.14285714285715   -0.00000000000000    0.42857142857143             2
    0.28571428571428   -0.00000000000000    0.42857142857143             2
    0.42857142857143   -0.00000000000000    0.42857142857143             2
   -0.42857142857143    0.00000000000000    0.42857142857143             2
   -0.28571428571428    0.00000000000000    0.42857142857143             2
   -0.14285714285715    0.00000000000000    0.42857142857143             2
    0.00000000000000    0.14285714285715    0.42857142857143             2
    0.14285714285715    0.14285714285715    0.42857142857143             2
    0.28571428571428    0.14285714285715    0.42857142857143             2
    0.42857142857143    0.14285714285715    0.42857142857143             2
   -0.42857142857143    0.14285714285715    0.42857142857143             2
   -0.28571428571428    0.14285714285715    0.42857142857143             2
   -0.14285714285715    0.14285714285715    0.42857142857143             2
    0.00000000000000    0.28571428571428    0.42857142857143             2
    0.14285714285715    0.28571428571428    0.42857142857143             2
    0.28571428571428    0.28571428571428    0.42857142857143             2
    0.42857142857143    0.28571428571428    0.42857142857143             2
   -0.42857142857143    0.28571428571428    0.42857142857143             2
   -0.28571428571428    0.28571428571428    0.42857142857143             2
   -0.14285714285715    0.28571428571428    0.42857142857143             2
    0.00000000000000    0.42857142857143    0.42857142857143             2
    0.14285714285715    0.42857142857143    0.42857142857143             2
    0.28571428571428    0.42857142857143    0.42857142857143             2
    0.42857142857143    0.42857142857143    0.42857142857143             2
   -0.42857142857143    0.42857142857143    0.42857142857143             2
   -0.28571428571428    0.42857142857143    0.42857142857143             2
   -0.14285714285715    0.42857142857143    0.42857142857143             2
    0.00000000000000   -0.42857142857143    0.42857142857142             2
    0.14285714285715   -0.42857142857143    0.42857142857142             2
    0.28571428571428   -0.42857142857143    0.42857142857142             2
    0.42857142857143   -0.42857142857143    0.42857142857142             2
   -0.42857142857143   -0.42857142857143    0.42857142857142             2
   -0.28571428571428   -0.42857142857143    0.42857142857142             2
   -0.14285714285715   -0.42857142857143    0.42857142857142             2
   -0.00000000000000   -0.28571428571428    0.42857142857142             2
    0.14285714285715   -0.28571428571428    0.42857142857142             2
    0.28571428571428   -0.28571428571428    0.42857142857142             2
    0.42857142857143   -0.28571428571428    0.42857142857142             2
   -0.42857142857143   -0.28571428571428    0.42857142857142             2
   -0.28571428571428   -0.28571428571428    0.42857142857142             2
   -0.14285714285715   -0.28571428571428    0.42857142857142             2
    0.00000000000000   -0.14285714285715    0.42857142857143             2
    0.14285714285715   -0.14285714285715    0.42857142857143             2
    0.28571428571428   -0.14285714285715    0.42857142857143             2
    0.42857142857143   -0.14285714285715    0.42857142857143             2
   -0.42857142857143   -0.14285714285715    0.42857142857143             2
   -0.28571428571428   -0.14285714285715    0.42857142857143             2
   -0.14285714285715   -0.14285714285715    0.42857142857143             2
Tetrahedra
      1026    0.00048590864917
         2         1         2         5        27
         2         2         5         6        27
         2         5         6        27        34
         2         1         5        26        27
         2         5        26        27        33
         2         5        27        33        34
         2         2         3         6        28
         2         3         6         7        28
         2         6         7        28        35
         2         2         6        27        28
         2         6        27        28        34
         2         6        28        34        35
         2         3         4         7        29
         2         4         7         8        29
         2         7         8        29        36
         2         3         7        28        29
         2         7        28        29        35
         2         7        29        35        36
         2         4         4         8        30
         2         4         8         9        30
         2         8         9        30        37
         2         4         8        29        30
         2         8        29        30        36
         2         8        30        36        37
         2         3         4         9        31
         2         3         9        10        31
         2         9        10        31        38
         2         4         9        30        31
         2         9        30        31        37
         2         9        31        37        38
         2         2         3        10        32
         2         2        10        11        32
         2        10        11        32        39
         2         3        10        31        32
         2        10        31        32        38
         2        10        32        38        39
         2         1         2        11        26
         2         1         5        11        26
         2         5        11        26        33
         2         2        11        26        32
         2        11        26        32        39
         2        11        26        33        39
         2         5         6        12        34
         2         6        12        13        34
         2        12        13        34        41
         2         5        12        33        34
         2        12        33        34        40
         2        12        34        40        41
         2         6         7        13        35
         2         7        13        14        35
         2        13        14        35        42
         2         6        13        34        35
         2        13        34        35        41
         2        13        35        41        42
         2         7         8        14        36
         2         8        14        15        36
         2        14        15        36        43
         2         7        14        35        36
         2        14        35        36        42
         2        14        36        42        43
         2         8         9        15        37
         2         9        15        16        37
         2        15        16        37        44
         2         8        15        36        37
         2        15        36        37        43
         2        15        37        43        44
         2         9        10        16        38
         2        10        16        17        38
         2        16        17        38        45
         2         9        16        37        38
         2        16        37        38        44
         2        16        38        44        45
         2        10        11        17        39
         2        11        17        18        39
         2        17        18        39        46
         2        10        17        38        39
         2        17        38        39        45
         2        17        39        45        46
         2         5        11        18        33
         2         5        12        18        33
         2        12        18        33        40
         2        11        18        33        39
         2        18        33        39        46
         2        18        33        40        46
         2        12        13        19        41
         2        13        19        20        41
         2        19        20        41        48
         2        12        19        40        41
         2        19        40        41        47
         2        19        41        47        48
         2        13        14        20        42
         2        14        20        21        42
         2        20        21        42        49
         2        13        20        41        42
         2        20        41        42        48
         2        20        42        48        49
         2        14        15        21        43
         2        15        21        22        43
         2        21        22        43        50
         2        14        21        42        43
         2        21        42        43        49
         2        21        43        49        50
         2        15        16        22        44
         2        16        22        23        44
         2        22        23        44        51
         2        15        22        43        44
         2        22        43        44        50
         2        22        44        50        51
         2        16        17        23        45
         2        17        23        24        45
         2        23        24        45        52
         2        16        23        44        45
         2        23        44        45        51
         2        23        45        51        52
         2        17        18        24        46
         2        18        24        25        46
         2        24        25        46        53
         2        17        24        45        46
         2        24        45        46        52
         2        24        46        52        53
         2        12        18        25        40
         2        12        19        25        40
         2        19        25        40        47
         2        18        25        40        46
         2        25        40        46        53
         2        25        40        47        53
         2        19        19        20        48
         2        19        20        25        48
         2        19        25        48        55
         2        19        19        47        48
         2        19        47        48        54
         2        19        48        54        55
         2        20        21        25        49
         2        21        24        25        49
         2        24        25        49        56
         2        20        25        48        49
         2        25        48        49        55
         2        25        49        55        56
         2        21        22        24        50
         2        22        23        24        50
         2        23        24        50        57
         2        21        24        49        50
         2        24        49        50        56
         2        24        50        56        57
         4        22        23        23        51
         2        22        23        51        58
         2        22        23        50        51
         2        23        50        51        57
         2        23        51        57        58
         2        22        23        24        52
         2        21        22        24        52
         2        21        22        52        59
         2        22        23        51        52
         2        22        51        52        58
         2        22        52        58        59
         2        21        24        25        53
         2        20        21        25        53
         2        20        21        53        60
         2        21        24        52        53
         2        21        52        53        59
         2        21        53        59        60
         2        19        20        25        47
         2        19        19        20        47
         2        19        20        47        54
         2        20        25        47        53
         2        20        47        53        60
         2        20        47        54        60
         2        12        19        25        55
         2        12        18        25        55
         2        12        18        55        62
         2        12        19        54        55
         2        12        54        55        61
         2        12        55        61        62
         2        18        24        25        56
         2        17        18        24        56
         2        17        18        56        63
         2        18        25        55        56
         2        18        55        56        62
         2        18        56        62        63
         2        17        23        24        57
         2        16        17        23        57
         2        16        17        57        64
         2        17        24        56        57
         2        17        56        57        63
         2        17        57        63        64
         2        16        22        23        58
         2        15        16        22        58
         2        15        16        58        65
         2        16        23        57        58
         2        16        57        58        64
         2        16        58        64        65
         2        15        21        22        59
         2        14        15        21        59
         2        14        15        59        66
         2        15        22        58        59
         2        15        58        59        65
         2        15        59        65        66
         2        14        20        21        60
         2        13        14        20        60
         2        13        14        60        67
         2        14        21        59        60
         2        14        59        60        66
         2        14        60        66        67
         2        13        19        20        54
         2        12        13        19        54
         2        12        13        54        61
         2        13        20        54        60
         2        13        54        60        67
         2        13        54        61        67
         2         5        12        18        62
         2         5        11        18        62
         2         5        11        62        69
         2         5        12        61        62
         2         5        61        62        68
         2         5        62        68        69
         2        11        17        18        63
         2        10        11        17        63
         2        10        11        63        70
         2        11        18        62        63
         2        11        62        63        69
         2        11        63        69        70
         2        10        16        17        64
         2         9        10        16        64
         2         9        10        64        71
         2        10        17        63        64
         2        10        63        64        70
         2        10        64        70        71
         2         9        15        16        65
         2         8         9        15        65
         2         8         9        65        72
         2         9        16        64        65
         2         9        64        65        71
         2         9        65        71        72
         2         8        14        15        66
         2         7         8        14        66
         2         7         8        66        73
         2         8        15        65        66
         2         8        65        66        72
         2         8        66        72        73
         2         7        13        14        67
         2         6         7        13        67
         2         6         7        67        74
         2         7        14        66        67
         2         7        66        67        73
         2         7        67        73        74
         2         6        12        13        61
         2         5         6        12        61
         2         5         6        61        68
         2         6        13        61        67
         2         6        61        67        74
         2         6        61        68        74
         2         1         5        11        69
         2         1         2        11        69
         2         1         2        27        69
         2         1         5        68        69
         2         1        26        68        69
         2         1        26        27        69
         2         2        10        11        70
         2         2         3        10        70
         2         2         3        28        70
         2         2        11        69        70
         2         2        27        69        70
         2         2        27        28        70
         2         3         9        10        71
         2         3         4         9        71
         2         3         4        29        71
         2         3        10        70        71
         2         3        28        70        71
         2         3        28        29        71
         2         4         8         9        72
         2         4         4         8        72
         2         4         4        30        72
         2         4         9        71        72
         2         4        29        71        72
         2         4        29        30        72
         2         4         7         8        73
         2         3         4         7        73
         2         3         4        31        73
         2         4         8        72        73
         2         4        30        72        73
         2         4        30        31        73
         2         3         6         7        74
         2         2         3         6        74
         2         2         3        32        74
         2         3         7        73        74
         2         3        31        73        74
         2         3        31        32        74
         2         2         5         6        68
         2         1         2         5        68
         2         1         2        26        68
         2         2         6        68        74
         2         2        32        68        74
         2         2        26        32        68
         2        26        27        33        76
         2        27        33        34        76
         2        33        34        76        83
         2        26        33        75        76
         2        33        75        76        82
         2        33        76        82        83
         2        27        28        34        77
         2        28        34        35        77
         2        34        35        77        84
         2        27        34        76        77
         2        34        76        77        83
         2        34        77        83        84
         2        28        29        35        78
         2        29        35        36        78
         2        35        36        78        85
         2        28        35        77        78
         2        35        77        78        84
         2        35        78        84        85
         2        29        30        36        79
         2        30        36        37        79
         2        36        37        79        86
         2        29        36        78        79
         2        36        78        79        85
         2        36        79        85        86
         2        30        31        37        80
         2        31        37        38        80
         2        37        38        80        87
         2        30        37        79        80
         2        37        79        80        86
         2        37        80        86        87
         2        31        32        38        81
         2        32        38        39        81
         2        38        39        81        88
         2        31        38        80        81
         2        38        80        81        87
         2        38        81        87        88
         2        26        32        39        75
         2        26        33        39        75
         2        33        39        75        82
         2        32        39        75        81
         2        39        75        81        88
         2        39        75        82        88
         2        33        34        40        83
         2        34        40        41        83
         2        40        41        83        90
         2        33        40        82        83
         2        40        82        83        89
         2        40        83        89        90
         2        34        35        41        84
         2        35        41        42        84
         2        41        42        84        91
         2        34        41        83        84
         2        41        83        84        90
         2        41        84        90        91
         2        35        36        42        85
         2        36        42        43        85
         2        42        43        85        92
         2        35        42        84        85
         2        42        84        85        91
         2        42        85        91        92
         2        36        37        43        86
         2        37        43        44        86
         2        43        44        86        93
         2        36        43        85        86
         2        43        85        86        92
         2        43        86        92        93
         2        37        38        44        87
         2        38        44        45        87
         2        44        45        87        94
         2        37        44        86        87
         2        44        86        87        93
         2        44        87        93        94
         2        38        39        45        88
         2        39        45        46        88
         2        45        46        88        95
         2        38        45        87        88
         2        45        87        88        94
         2        45        88        94        95
         2        33        39        46        82
         2        33        40        46        82
         2        40        46        82        89
         2        39        46        82        88
         2        46        82        88        95
         2        46        82        89        95
         2        40        41        47        90
         2        41        47        48        90
         2        47        48        90        97
         2        40        47        89        90
         2        47        89        90        96
         2        47        90        96        97
         2        41        42        48        91
         2        42        48        49        91
         2        48        49        91        98
         2        41        48        90        91
         2        48        90        91        97
         2        48        91        97        98
         2        42        43        49        92
         2        43        49        50        92
         2        49        50        92        99
         2        42        49        91        92
         2        49        91        92        98
         2        49        92        98        99
         2        43        44        50        93
         2        44        50        51        93
         2        50        51        93       100
         2        43        50        92        93
         2        50        92        93        99
         2        50        93        99       100
         2        44        45        51        94
         2        45        51        52        94
         2        51        52        94       101
         2        44        51        93        94
         2        51        93        94       100
         2        51        94       100       101
         2        45        46        52        95
         2        46        52        53        95
         2        52        53        95       102
         2        45        52        94        95
         2        52        94        95       101
         2        52        95       101       102
         2        40        46        53        89
         2        40        47        53        89
         2        47        53        89        96
         2        46        53        89        95
         2        53        89        95       102
         2        53        89        96       102
         2        47        48        54        97
         2        48        54        55        97
         2        54        55        97       104
         2        47        54        96        97
         2        54        96        97       103
         2        54        97       103       104
         2        48        49        55        98
         2        49        55        56        98
         2        55        56        98       105
         2        48        55        97        98
         2        55        97        98       104
         2        55        98       104       105
         2        49        50        56        99
         2        50        56        57        99
         2        56        57        99       106
         2        49        56        98        99
         2        56        98        99       105
         2        56        99       105       106
         2        50        51        57       100
         2        51        57        58       100
         2        57        58       100       107
         2        50        57        99       100
         2        57        99       100       106
         2        57       100       106       107
         2        51        52        58       101
         2        52        58        59       101
         2        58        59       101       108
         2        51        58       100       101
         2        58       100       101       107
         2        58       101       107       108
         2        52        53        59       102
         2        53        59        60       102
         2        59        60       102       109
         2        52        59       101       102
         2        59       101       102       108
         2        59       102       108       109
         2        47        53        60        96
         2        47        54        60        96
         2        54        60        96       103
         2        53        60        96       102
         2        60        96       102       109
         2        60        96       103       109
         2        54        55        61       104
         2        55        61        62       104
         2        61        62       104       111
         2        54        61       103       104
         2        61       103       104       110
         2        61       104       110       111
         2        55        56        62       105
         2        56        62        63       105
         2        62        63       105       112
         2        55        62       104       105
         2        62       104       105       111
         2        62       105       111       112
         2        56        57        63       106
         2        57        63        64       106
         2        63        64       106       113
         2        56        63       105       106
         2        63       105       106       112
         2        63       106       112       113
         2        57        58        64       107
         2        58        64        65       107
         2        64        65       107       114
         2        57        64       106       107
         2        64       106       107       113
         2        64       107       113       114
         2        58        59        65       108
         2        59        65        66       108
         2        65        66       108       115
         2        58        65       107       108
         2        65       107       108       114
         2        65       108       114       115
         2        59        60        66       109
         2        60        66        67       109
         2        66        67       109       116
         2        59        66       108       109
         2        66       108       109       115
         2        66       109       115       116
         2        54        60        67       103
         2        54        61        67       103
         2        61        67       103       110
         2        60        67       103       109
         2        67       103       109       116
         2        67       103       110       116
         2        61        62        68       111
         2        62        68        69       111
         2        68        69       111       118
         2        61        68       110       111
         2        68       110       111       117
         2        68       111       117       118
         2        62        63        69       112
         2        63        69        70       112
         2        69        70       112       119
         2        62        69       111       112
         2        69       111       112       118
         2        69       112       118       119
         2        63        64        70       113
         2        64        70        71       113
         2        70        71       113       120
         2        63        70       112       113
         2        70       112       113       119
         2        70       113       119       120
         2        64        65        71       114
         2        65        71        72       114
         2        71        72       114       121
         2        64        71       113       114
         2        71       113       114       120
         2        71       114       120       121
         2        65        66        72       115
         2        66        72        73       115
         2        72        73       115       122
         2        65        72       114       115
         2        72       114       115       121
         2        72       115       121       122
         2        66        67        73       116
         2        67        73        74       116
         2        73        74       116       123
         2        66        73       115       116
         2        73       115       116       122
         2        73       116       122       123
         2        61        67        74       110
         2        61        68        74       110
         2        68        74       110       117
         2        67        74       110       116
         2        74       110       116       123
         2        74       110       117       123
         2        26        68        69       118
         2        26        27        69       118
         2        26        27        76       118
         2        26        68       117       118
         2        26        75       117       118
         2        26        75        76       118
         2        27        69        70       119
         2        27        28        70       119
         2        27        28        77       119
         2        27        69       118       119
         2        27        76       118       119
         2        27        76        77       119
         2        28        70        71       120
         2        28        29        71       120
         2        28        29        78       120
         2        28        70       119       120
         2        28        77       119       120
         2        28        77        78       120
         2        29        71        72       121
         2        29        30        72       121
         2        29        30        79       121
         2        29        71       120       121
         2        29        78       120       121
         2        29        78        79       121
         2        30        72        73       122
         2        30        31        73       122
         2        30        31        80       122
         2        30        72       121       122
         2        30        79       121       122
         2        30        79        80       122
         2        31        73        74       123
         2        31        32        74       123
         2        31        32        81       123
         2        31        73       122       123
         2        31        80       122       123
         2        31        80        81       123
         2        32        68        74       117
         2        26        32        68       117
         2        26        32        75       117
         2        32        74       117       123
         2        32        81       117       123
         2        32        75        81       117
         2        75        76        82       125
         2        76        82        83       125
         2        82        83       125       132
         2        75        82       124       125
         2        82       124       125       131
         2        82       125       131       132
         2        76        77        83       126
         2        77        83        84       126
         2        83        84       126       133
         2        76        83       125       126
         2        83       125       126       132
         2        83       126       132       133
         2        77        78        84       127
         2        78        84        85       127
         2        84        85       127       134
         2        77        84       126       127
         2        84       126       127       133
         2        84       127       133       134
         2        78        79        85       128
         2        79        85        86       128
         2        85        86       128       135
         2        78        85       127       128
         2        85       127       128       134
         2        85       128       134       135
         2        79        80        86       129
         2        80        86        87       129
         2        86        87       129       136
         2        79        86       128       129
         2        86       128       129       135
         2        86       129       135       136
         2        80        81        87       130
         2        81        87        88       130
         2        87        88       130       137
         2        80        87       129       130
         2        87       129       130       136
         2        87       130       136       137
         2        75        81        88       124
         2        75        82        88       124
         2        82        88       124       131
         2        81        88       124       130
         2        88       124       130       137
         2        88       124       131       137
         2        82        83        89       132
         2        83        89        90       132
         2        89        90       132       139
         2        82        89       131       132
         2        89       131       132       138
         2        89       132       138       139
         2        83        84        90       133
         2        84        90        91       133
         2        90        91       133       140
         2        83        90       132       133
         2        90       132       133       139
         2        90       133       139       140
         2        84        85        91       134
         2        85        91        92       134
         2        91        92       134       141
         2        84        91       133       134
         2        91       133       134       140
         2        91       134       140       141
         2        85        86        92       135
         2        86        92        93       135
         2        92        93       135       142
         2        85        92       134       135
         2        92       134       135       141
         2        92       135       141       142
         2        86        87        93       136
         2        87        93        94       136
         2        93        94       136       143
         2        86        93       135       136
         2        93       135       136       142
         2        93       136       142       143
         2        87        88        94       137
         2        88        94        95       137
         2        94        95       137       144
         2        87        94       136       137
         2        94       136       137       143
         2        94       137       143       144
         2        82        88        95       131
         2        82        89        95       131
         2        89        95       131       138
         2        88        95       131       137
         2        95       131       137       144
         2        95       131       138       144
         2        89        90        96       139
         2        90        96        97       139
         2        96        97       139       146
         2        89        96       138       139
         2        96       138       139       145
         2        96       139       145       146
         2        90        91        97       140
         2        91        97        98       140
         2        97        98       140       147
         2        90        97       139       140
         2        97       139       140       146
         2        97       140       146       147
         2        91        92        98       141
         2        92        98        99       141
         2        98        99       141       148
         2        91        98       140       141
         2        98       140       141       147
         2        98       141       147       148
         2        92        93        99       142
         2        93        99       100       142
         2        99       100       142       149
         2        92        99       141       142
         2        99       141       142       148
         2        99       142       148       149
         2        93        94       100       143
         2        94       100       101       143
         2       100       101       143       150
         2        93       100       142       143
         2       100       142       143       149
         2       100       143       149       150
         2        94        95       101       144
         2        95       101       102       144
         2       101       102       144       151
         2        94       101       143       144
         2       101       143       144       150
         2       101       144       150       151
         2        89        95       102       138
         2        89        96       102       138
         2        96       102       138       145
         2        95       102       138       144
         2       102       138       144       151
         2       102       138       145       151
         2        96        97       103       146
         2        97       103       104       146
         2       103       104       146       153
         2        96       103       145       146
         2       103       145       146       152
         2       103       146       152       153
         2        97        98       104       147
         2        98       104       105       147
         2       104       105       147       154
         2        97       104       146       147
         2       104       146       147       153
         2       104       147       153       154
         2        98        99       105       148
         2        99       105       106       148
         2       105       106       148       155
         2        98       105       147       148
         2       105       147       148       154
         2       105       148       154       155
         2        99       100       106       149
         2       100       106       107       149
         2       106       107       149       156
         2        99       106       148       149
         2       106       148       149       155
         2       106       149       155       156
         2       100       101       107       150
         2       101       107       108       150
         2       107       108       150       157
         2       100       107       149       150
         2       107       149       150       156
         2       107       150       156       157
         2       101       102       108       151
         2       102       108       109       151
         2       108       109       151       158
         2       101       108       150       151
         2       108       150       151       157
         2       108       151       157       158
         2        96       102       109       145
         2        96       103       109       145
         2       103       109       145       152
         2       102       109       145       151
         2       109       145       151       158
         2       109       145       152       158
         2       103       104       110       153
         2       104       110       111       153
         2       110       111       153       160
         2       103       110       152       153
         2       110       152       153       159
         2       110       153       159       160
         2       104       105       111       154
         2       105       111       112       154
         2       111       112       154       161
         2       104       111       153       154
         2       111       153       154       160
         2       111       154       160       161
         2       105       106       112       155
         2       106       112       113       155
         2       112       113       155       162
         2       105       112       154       155
         2       112       154       155       161
         2       112       155       161       162
         2       106       107       113       156
         2       107       113       114       156
         2       113       114       156       163
         2       106       113       155       156
         2       113       155       156       162
         2       113       156       162       163
         2       107       108       114       157
         2       108       114       115       157
         2       114       115       157       164
         2       107       114       156       157
         2       114       156       157       163
         2       114       157       163       164
         2       108       109       115       158
         2       109       115       116       158
         2       115       116       158       165
         2       108       115       157       158
         2       115       157       158       164
         2       115       158       164       165
         2       103       109       116       152
         2       103       110       116       152
         2       110       116       152       159
         2       109       116       152       158
         2       116       152       158       165
         2       116       152       159       165
         2       110       111       117       160
         2       111       117       118       160
         2       117       118       160       167
         2       110       117       159       160
         2       117       159       160       166
         2       117       160       166       167
         2       111       112       118       161
         2       112       118       119       161
         2       118       119       161       168
         2       111       118       160       161
         2       118       160       161       167
         2       118       161       167       168
         2       112       113       119       162
         2       113       119       120       162
         2       119       120       162       169
         2       112       119       161       162
         2       119       161       162       168
         2       119       162       168       169
         2       113       114       120       163
         2       114       120       121       163
         2       120       121       163       170
         2       113       120       162       163
         2       120       162       163       169
         2       120       163       169       170
         2       114       115       121       164
         2       115       121       122       164
         2       121       122       164       171
         2       114       121       163       164
         2       121       163       164       170
         2       121       164       170       171
         2       115       116       122       165
         2       116       122       123       165
         2       122       123       165       172
         2       115       122       164       165
         2       122       164       165       171
         2       122       165       171       172
         2       110       116       123       159
         2       110       117       123       159
         2       117       123       159       166
         2       116       123       159       165
         2       123       159       165       172
         2       123       159       166       172
         2        75       117       118       167
         2        75        76       118       167
         2        75        76       125       167
         2        75       117       166       167
         2        75       124       166       167
         2        75       124       125       167
         2        76       118       119       168
         2        76        77       119       168
         2        76        77       126       168
         2        76       118       167       168
         2        76       125       167       168
         2        76       125       126       168
         2        77       119       120       169
         2        77        78       120       169
         2        77        78       127       169
         2        77       119       168       169
         2        77       126       168       169
         2        77       126       127       169
         2        78       120       121       170
         2        78        79       121       170
         2        78        79       128       170
         2        78       120       169       170
         2        78       127       169       170
         2        78       127       128       170
         2        79       121       122       171
         2        79        80       122       171
         2        79        80       129       171
         2        79       121       170       171
         2        79       128       170       171
         2        79       128       129       171
         2        80       122       123       172
         2        80        81       123       172
         2        80        81       130       172
         2        80       122       171       172
         2        80       129       171       172
         2        80       129       130       172
         2        81       117       123       166
         2        75        81       117       166
         2        75        81       124       166
         2        81       123       166       172
         2        81       130       166       172
         2        81       124       130       166
         2       124       125       130       131
         2       125       130       131       132
         2       130       131       132       172
         2       124       124       130       131
         2       124       130       131       166
         2       130       131       166       172
         2       125       126       129       132
         2       126       129       132       133
         2       129       132       133       171
         2       125       129       130       132
         2       129       130       132       172
         2       129       132       171       172
         2       126       127       128       133
         2       127       128       133       134
         2       128       133       134       170
         2       126       128       129       133
         2       128       129       133       171
         2       128       133       170       171
         4       127       127       128       134
         2       127       128       134       135
         2       127       134       135       169
         2       127       128       134       170
         2       127       134       169       170
         2       126       128       129       135
         2       126       129       135       136
         2       126       135       136       168
         2       126       127       128       135
         2       126       127       135       169
         2       126       135       168       169
         2       125       129       130       136
         2       125       130       136       137
         2       125       136       137       167
         2       125       126       129       136
         2       125       126       136       168
         2       125       136       167       168
         2       124       124       130       137
         2       124       124       131       137
         2       124       131       137       166
         2       124       125       130       137
         2       124       125       137       167
         2       124       137       166       167
         2       131       132       138       172
         2       132       138       139       172
         2       138       139       165       172
         2       131       138       166       172
         2       138       159       166       172
         2       138       159       165       172
         2       132       133       139       171
         2       133       139       140       171
         2       139       140       164       171
         2       132       139       171       172
         2       139       165       171       172
         2       139       164       165       171
         2       133       134       140       170
         2       134       140       141       170
         2       140       141       163       170
         2       133       140       170       171
         2       140       164       170       171
         2       140       163       164       170
         2       134       135       141       169
         2       135       141       142       169
         2       141       142       162       169
         2       134       141       169       170
         2       141       163       169       170
         2       141       162       163       169
         2       135       136       142       168
         2       136       142       143       168
         2       142       143       161       168
         2       135       142       168       169
         2       142       162       168       169
         2       142       161       162       168
         2       136       137       143       167
         2       137       143       144       167
         2       143       144       160       167
         2       136       143       167       168
         2       143       161       167       168
         2       143       160       161       167
         2       131       137       144       166
         2       131       138       144       166
         2       138       144       159       166
         2       137       144       166       167
         2       144       160       166       167
         2       144       159       160       166
         2       138       139       145       165
         2       139       145       146       165
         2       145       146       158       165
         2       138       145       159       165
         2       145       152       159       165
         2       145       152       158       165
         2       139       140       146       164
         2       140       146       147       164
         2       146       147       157       164
         2       139       146       164       165
         2       146       158       164       165
         2       146       157       158       164
         2       140       141       147       163
         2       141       147       148       163
         2       147       148       156       163
         2       140       147       163       164
         2       147       157       163       164
         2       147       156       157       163
         2       141       142       148       162
         2       142       148       149       162
         2       148       149       155       162
         2       141       148       162       163
         2       148       156       162       163
         2       148       155       156       162
         2       142       143       149       161
         2       143       149       150       161
         2       149       150       154       161
         2       142       149       161       162
         2       149       155       161       162
         2       149       154       155       161
         2       143       144       150       160
         2       144       150       151       160
         2       150       151       153       160
         2       143       150       160       161
         2       150       154       160       161
         2       150       153       154       160
         2       138       144       151       159
         2       138       145       151       159
         2       145       151       152       159
         2       144       151       159       160
         2       151       153       159       160
         2       151       152       153       159
         2       145       146       152       158
         2       146       152       153       158
         2       151       152       153       158
         4       145       152       152       158
         2       145       151       152       158
         2       146       147       153       157
         2       147       153       154       157
         2       150       153       154       157
         2       146       153       157       158
         2       151       153       157       158
         2       150       151       153       157
         2       147       148       154       156
         2       148       154       155       156
         2       149       154       155       156
         2       147       154       156       157
         2       150       154       156       157
         2       149       150       154       156
         2       148       149       155       155
         2       149       155       155       156
         2       148       155       155       156
